,1,2,3,4,5,6,7,8,9,10,11,12,13,14,15,16,17,18,19,20,21,22,23,24,25,26,27,28,29,30,31,32,33,34,35,36,37,38,39,40,41,42
1,0.0,0.43972942061125736,1.1398595380047092,2.0984981978403763,2.5980136829362417,3.0015628979387765,3.5759894404001775,3.9438934352885364,3.8654026609382086,4.2116004794545105,4.425857033766524,4.521235252094877,4.661767489445325,4.639169122591321,4.479602075444991,4.1497107862721565,3.982781008299156,3.96760512918319,3.911260891904202,3.9070883911225693,3.9104617079911312,3.8605436302859433,4.123963601100616,3.995587602557847,4.174084055184475,4.130451179747684,4.170714571027351,4.477484654205924,4.58211706451476,4.413424836001861,4.328015314632611,4.357657294936226,4.291712252003251,3.906729288341167,4.108199300948895,4.248746457517899,4.255047396610889,4.200193087129663,4.4521105480558045,4.30314250640637,4.491179736642825,4.429036677716269
2,0.43972942061125736,0.0,0.4447691574817509,1.070663066930143,2.15193950996875,2.754086106841337,3.0025655846972183,3.634507163298706,3.808108738793472,4.348422754627667,4.518408454734045,4.695788810774439,4.63334132701916,4.607020750929513,4.578027826354122,4.309365679538207,4.226960722249309,4.1393046958547846,4.171772430726464,4.171633259642079,4.086745187197657,4.126976434445622,4.266977561777754,4.0567293995124505,4.3188205497151415,4.175993062109204,4.289863001559564,4.498932529677468,4.5837825934689755,4.4621170045144884,4.608362879304377,4.501385885909709,4.492357628281564,4.309131169402858,4.526810313669046,4.404821586173267,4.504549339570115,4.46659736980308,4.65444869067702,4.627053240428409,4.607509690844113,4.325333362492775
3,1.1398595380047092,0.4447691574817509,0.0,0.4300370881543238,1.0438773825861865,2.09665627401942,2.670935056590373,3.0710780287358914,3.202910423140348,4.009787450680903,4.296456357878622,4.505811001386581,4.562424393007826,4.6460624950438785,4.40668198462364,4.198417310168617,4.128874000606331,3.94189554163682,4.012536390700243,3.990378800373688,4.0139990879567975,4.110384482998889,4.016410286642075,4.201811102417492,4.344163694491727,4.252575359385071,4.21717009484476,4.570894407359579,4.576450428378329,4.358413907953654,4.313889374962418,4.220592969909114,4.348680950229541,4.055004291051926,4.287564189870923,4.303385967472984,4.470164958309523,4.463411152473892,4.448625025626908,4.4725044290976115,4.397360922653233,4.265060778431308
4,2.0984981978403763,1.070663066930143,0.4300370881543238,0.0,0.42563491739176657,1.0679644447445855,1.9588766176071701,2.7479925562153036,2.9578705801904897,3.8980237838842617,4.333543844580714,4.6051620975014735,4.741716636557244,4.760516648574596,4.611222148385718,4.435703724253761,4.479695232262245,4.252661818435874,4.464627431354289,4.4221580093794195,4.3426707139816045,4.412611168339768,4.303936799132691,4.348810040442248,4.484644657418963,4.5892302710973665,4.611882706361469,4.565928827266328,4.762417811397836,4.619232358360491,4.800145874491554,4.588016615328539,4.620742137151017,4.433114479838451,4.608912598790913,4.45895960051903,4.505860739916627,4.573015654303715,4.635601975240641,4.745523380144462,4.760053794502802,4.593017055834754
5,2.5980136829362417,2.15193950996875,1.0438773825861865,0.42563491739176657,0.0,0.4277950029452884,1.1083570819796118,2.0415271453458526,2.416586766067935,3.225368369330056,3.702411555874051,4.23815512487693,4.56132201131109,4.769121529660817,4.327182368811928,4.39688937902345,4.177354362127669,4.0663892825965835,4.247578967475623,4.358718017949706,4.075187952876483,4.297466445032493,4.1787354907502605,4.013399216084637,4.197363630780105,4.141749013185911,4.218856755564373,4.556425006752376,4.4996463527252075,4.420656363289151,4.449027210705236,4.2807736537164836,4.183772255917858,3.8938881687323326,4.252430397051818,4.1910552021774965,4.257875634702699,4.26402446034241,4.488553471256271,4.481370522063339,4.515464775475248,4.4795442733217845
6,3.0015628979387765,2.754086106841337,2.09665627401942,1.0679644447445855,0.4277950029452884,0.0,0.4144485198635521,1.150657975783406,1.7849314491209247,2.657487720592291,3.3429698132264214,3.925099524114844,4.359034276805445,4.7592706791771535,4.453341582426492,4.487508808319119,4.310171307053177,4.324701011796435,4.456538439084898,4.588894122165773,4.3242360711617,4.476015034531785,4.4693432332084075,4.216849211683764,4.299775878419317,4.25480845337785,4.2894003750926295,4.540353652343456,4.569790398582171,4.329549292689873,4.449904524991569,4.369046892736706,4.335620320708984,4.038913843966024,4.41549599703601,4.280648706485991,4.419299668717943,4.3042981639566555,4.503521813735005,4.45920710835016,4.486043362203637,4.509082736984977
7,3.5759894404001775,3.0025655846972183,2.670935056590373,1.9588766176071701,1.1083570819796118,0.4144485198635521,0.0,0.4257247325013852,0.909200172390924,2.091573956516489,2.6661887663708574,3.107645250004349,3.736556122307385,4.359427268894528,4.278526252778083,4.366536876516259,4.23252900911545,4.231609695531373,4.411663584625528,4.420975249410303,4.310884889487076,4.199232530073586,4.050930501442184,4.011434555703776,3.9669896422191884,3.916747670127012,3.8508659947871102,4.142481990952631,4.40429483425834,4.33260898144483,4.29420321540708,4.276510921069977,4.1134895851272075,3.8978273606255005,4.080338265675556,4.063630611384266,4.105745554628666,4.075450246460619,4.204209892444767,4.245347499168205,4.456009242116498,4.450993890190367
8,3.9438934352885364,3.634507163298706,3.0710780287358914,2.7479925562153036,2.0415271453458526,1.150657975783406,0.4257247325013852,0.0,0.2544980985808826,1.1537907216727425,2.169966810092202,2.785480820062589,3.107313067388594,4.005292801138478,4.156949250470292,4.289883044273317,4.497920085370177,4.616289638536308,4.693743525409298,4.808841001382478,4.72951296036737,4.574879340044966,4.300252214219066,4.067444915469031,4.162255022155999,3.8855847641003485,3.8725477432512894,4.019139988042942,4.226922942563189,4.210793002057965,4.532263392594613,4.365693679290184,4.410296883868099,4.233333336714174,4.366144677953079,4.33605748010221,4.371095595199003,4.292787767410744,4.388376069909228,4.598913059503017,4.695179219634806,4.409315588893129
9,3.8654026609382086,3.808108738793472,3.202910423140348,2.9578705801904897,2.416586766067935,1.7849314491209247,0.909200172390924,0.2544980985808826,0.0,0.25122500154243277,0.8665606822279701,1.78426590010869,2.521309324409997,3.226641328909687,3.614914845804464,4.325401530618917,4.419858594920896,4.740230063170487,4.881814161346991,4.974634263864562,4.778409958615328,4.622382790502159,4.076455094878539,4.0990234002296715,3.8695762954966426,3.618407119106991,3.609175594422766,3.929379507811174,4.17117743162849,4.310684201504573,4.414907277461024,4.423591318235168,4.31522006591602,4.16738284164953,4.3681162115255585,4.325946442061852,4.3629396425828615,4.310429531815511,4.442558501885381,4.501296352845153,4.690545632260946,4.786218426653187
10,4.2116004794545105,4.348422754627667,4.009787450680903,3.8980237838842617,3.225368369330056,2.657487720592291,2.091573956516489,1.1537907216727425,0.25122500154243277,0.0,0.39110474521201866,1.1394407581933943,1.919145228705147,2.7713895522852035,3.307614431098983,3.910245416835135,4.682283066176183,4.949018621190008,5.404608284702889,5.25486255464621,4.92650120553942,4.699382611673553,4.261483361305899,4.313335194106885,3.985435638754436,3.840495503784918,3.890359668380964,4.042105642839044,4.341673087027774,4.414242693680555,4.850912940230831,4.712108392524442,4.779404611087717,4.465769291498073,4.534961580256552,4.6491020270082615,4.716133850344805,4.659141997481087,4.7545756242616495,4.968363468826321,5.100154740161255,4.9748524542383405
11,4.425857033766524,4.518408454734045,4.296456357878622,4.333543844580714,3.702411555874051,3.3429698132264214,2.6661887663708574,2.169966810092202,0.8665606822279701,0.39110474521201866,0.0,0.39656161885866914,1.061935604852109,2.0272654925455935,2.605061856818511,3.3999074870789414,3.9165232207794713,4.753858865208378,4.872120956794286,4.942853919043484,4.755740660368967,4.380678051608238,3.9212332305649142,4.14957130130686,3.7229921109949995,3.514758282792693,3.3862066170159135,3.883664782413546,4.182882650945393,4.1999439913849335,4.304070871575677,4.4287638667348865,4.38647991218453,4.1352823057113826,4.513934297825644,4.499656367950941,4.5649197120928715,4.506110134812846,4.673428626421919,4.733782786818974,4.700916915250093,4.796518277817421
12,4.521235252094877,4.695788810774439,4.505811001386581,4.6051620975014735,4.23815512487693,3.925099524114844,3.107645250004349,2.785480820062589,1.78426590010869,1.1394407581933943,0.39656161885866914,0.0,0.3848252250412339,1.088697160753165,2.314205172789697,2.8325449279863952,3.5371289989295907,4.0056401524486915,4.9413686367672724,4.847635023468031,4.971213288243735,4.306174327554651,3.8922080284290677,3.949040145330857,3.6063250496826376,3.556840921050009,3.5069260119684533,3.67945180859416,3.9309838715686927,4.198909640870426,4.499721804984923,4.505529429660573,4.511945894978992,4.44264102789543,4.53530354513769,4.597733804936362,4.783518344267454,4.823974243540689,4.7598489959012875,4.563234078244474,4.764288881643451,4.516922442357303
13,4.661767489445325,4.63334132701916,4.562424393007826,4.741716636557244,4.56132201131109,4.359034276805445,3.736556122307385,3.107313067388594,2.521309324409997,1.919145228705147,1.061935604852109,0.3848252250412339,0.0,0.4479805095515205,1.2010537934207965,2.134092054093114,2.7709746491574485,3.5588248430788068,4.363297074643003,4.689396020936186,4.546259411179902,4.086290059934533,3.882671522602175,3.792640677847999,3.426192182851607,3.482504668286279,3.503702006279893,3.5371887498408854,3.661915025320529,3.7671497641524443,4.046509556887649,4.043521773274824,4.156124697477155,4.173072761301524,4.66127676395333,4.624708311298564,4.687597585349736,4.713644278729358,4.753393113840327,4.701471048699795,4.575585887470453,4.63022770596515
14,4.639169122591321,4.607020750929513,4.6460624950438785,4.760516648574596,4.769121529660817,4.7592706791771535,4.359427268894528,4.005292801138478,3.226641328909687,2.7713895522852035,2.0272654925455935,1.088697160753165,0.4479805095515205,0.0,0.4187582859176514,1.0458736069208248,2.2905228304660334,2.757008093346996,3.493078702452901,4.111942033167816,4.414046719039985,4.0770145254874,3.752742143017639,3.8503932926873445,3.435917859778018,3.3734679609772793,3.1330733331471934,3.3173256847358457,3.626962383834965,3.614999085429401,3.832556678656668,3.9005533570201125,3.8377023318390258,4.013196930989189,4.758406994611774,4.719775632537325,4.817974231818653,4.670556164653081,4.6216862428536345,4.353941524598839,4.319214035843413,4.093498984453738
15,4.479602075444991,4.578027826354122,4.40668198462364,4.611222148385718,4.327182368811928,4.453341582426492,4.278526252778083,4.156949250470292,3.614914845804464,3.307614431098983,2.605061856818511,2.314205172789697,1.2010537934207965,0.4187582859176514,0.0,0.41801439781828426,0.9775516132082106,1.9678493131663752,2.7769508074924003,3.255509896180075,3.94039255946539,4.083060700747943,3.7923996225484196,3.864684995833501,3.3781391513065446,3.5330834552329087,3.0432930241712,3.1964962221877604,3.6791012596655226,3.773455787073314,4.0270019804031,3.978432966336485,4.207012102558057,4.254575931958512,5.1514237325006045,5.114282976959443,4.8530313616080845,4.757550767278998,4.70549005234174,4.514723831822398,4.306520439117652,4.438136960503365
16,4.1497107862721565,4.309365679538207,4.198417310168617,4.435703724253761,4.39688937902345,4.487508808319119,4.366536876516259,4.289883044273317,4.325401530618917,3.910245416835135,3.3999074870789414,2.8325449279863952,2.134092054093114,1.0458736069208248,0.41801439781828426,0.0,0.37697037614942064,1.0158553075315824,1.7797385175598195,2.3603628541000314,3.090313423265029,3.69400982263063,3.8367000265199214,3.8001162358440794,3.358772982882348,3.3102028530050256,3.108352345773483,3.2443678309386415,3.633056017550868,3.7640859976691647,3.931289167756718,3.7922401519628415,4.060731692759123,4.413303879442504,4.918606332142016,4.884622887984453,4.620003272667438,4.341005198016484,4.257060578047998,4.126129497982261,4.2588540675672695,4.245825347994941
17,3.982781008299156,4.226960722249309,4.128874000606331,4.479695232262245,4.177354362127669,4.310171307053177,4.23252900911545,4.497920085370177,4.419858594920896,4.682283066176183,3.9165232207794713,3.5371289989295907,2.7709746491574485,2.2905228304660334,0.9775516132082106,0.37697037614942064,0.0,0.3287056396984342,0.8842167763905244,1.8754929813786252,2.88549327111877,2.968014491101845,3.710049802441446,4.047145419065397,3.7260438333053902,3.531373435639356,3.4453151561300186,3.385202358724693,3.901546612361441,3.9441118869125913,4.223854290027907,4.002992739552703,4.499763219001199,4.429027552148986,4.775909047733483,4.521708281873969,4.387841452026612,4.385306937811753,4.456156087304342,4.6098107430553,4.433944916849754,4.542188797840031
18,3.96760512918319,4.1393046958547846,3.94189554163682,4.252661818435874,4.0663892825965835,4.324701011796435,4.231609695531373,4.616289638536308,4.740230063170487,4.949018621190008,4.753858865208378,4.0056401524486915,3.5588248430788068,2.757008093346996,1.9678493131663752,1.0158553075315824,0.3287056396984342,0.0,0.3371628354664794,0.8437421639329461,1.8892074711746256,2.468575421293467,2.6194947236579686,3.4052178593868865,3.5962621475705117,3.5264848951612233,3.3752822467119454,3.2639920403961558,3.718616329062587,3.774578413962698,3.928412434445318,4.1086272746867465,4.6306540285029865,4.9347996699071235,5.030216645780463,4.830924248541313,4.220648124424812,4.128662511155702,4.071143633364389,4.1676391851695955,4.179724093151747,4.309468419783046
19,3.911260891904202,4.171772430726464,4.012536390700243,4.464627431354289,4.247578967475623,4.456538439084898,4.411663584625528,4.693743525409298,4.881814161346991,5.404608284702889,4.872120956794286,4.9413686367672724,4.363297074643003,3.493078702452901,2.7769508074924003,1.7797385175598195,0.8842167763905244,0.3371628354664794,0.0,0.38211339256952703,0.9666124649601797,1.5153036641648878,2.4493647961664506,3.1754978081918988,3.2251390230247834,3.637519016802937,3.8348130996851926,3.9701649462436466,4.081852444114043,3.9274715786288135,4.225153040471364,4.242782145507368,4.729052889701499,4.500110125903561,4.303721423608734,3.85517252763385,4.031294416899915,3.99443187931228,4.060381925319836,4.399192141767102,4.149736309840236,4.433251749322096
20,3.9070883911225693,4.171633259642079,3.990378800373688,4.4221580093794195,4.358718017949706,4.588894122165773,4.420975249410303,4.808841001382478,4.974634263864562,5.25486255464621,4.942853919043484,4.847635023468031,4.689396020936186,4.111942033167816,3.255509896180075,2.3603628541000314,1.8754929813786252,0.8437421639329461,0.38211339256952703,0.0,0.39016378022088166,1.0385525919291423,1.9172672004891855,2.626078964740519,2.6348577123101453,3.3942167584479757,3.671259459463041,3.6409919085337115,3.7920216194156176,3.7320988198170424,3.8428325024905723,4.261710729286098,4.550413580430798,4.499037576277937,4.4634151651367215,3.996597830930398,4.213655226701834,4.033870570557266,3.9697634534210082,4.165194615257234,3.9492606404568398,4.210744873976385
21,3.9104617079911312,4.086745187197657,4.0139990879567975,4.3426707139816045,4.075187952876483,4.3242360711617,4.310884889487076,4.72951296036737,4.778409958615328,4.92650120553942,4.755740660368967,4.971213288243735,4.546259411179902,4.414046719039985,3.94039255946539,3.090313423265029,2.88549327111877,1.8892074711746256,0.9666124649601797,0.39016378022088166,0.0,0.3696355650067698,1.0513873812338947,2.0726423392421065,2.4039680554592717,3.1487782637254123,3.6400482101014973,3.813570131912935,4.015795989210929,3.9861200955537943,3.9992210672503026,4.274275747198107,4.158432837481629,4.011228335621432,4.005994597974165,3.8711831455742933,3.9850657128918083,3.94528955584742,4.092439122542605,4.060914346334999,4.131023354389688,4.323973123965877
22,3.8605436302859433,4.126976434445622,4.110384482998889,4.412611168339768,4.297466445032493,4.476015034531785,4.199232530073586,4.574879340044966,4.622382790502159,4.699382611673553,4.380678051608238,4.306174327554651,4.086290059934533,4.0770145254874,4.083060700747943,3.69400982263063,2.968014491101845,2.468575421293467,1.5153036641648878,1.0385525919291423,0.3696355650067698,0.0,0.42554649227745883,1.0997294688393664,1.6382163625971788,2.927440771462849,3.196968800709983,3.538999982590417,3.648455399048985,3.719015724836076,3.7687186196894524,3.8641768915893078,3.889251798278873,3.917592850458664,4.165500773079234,3.925916558449268,4.13090748151171,4.005553528147069,4.175320777548269,3.990485581173428,4.055156165989926,4.38225466009014
23,4.123963601100616,4.266977561777754,4.016410286642075,4.303936799132691,4.1787354907502605,4.4693432332084075,4.050930501442184,4.300252214219066,4.076455094878539,4.261483361305899,3.9212332305649142,3.8922080284290677,3.882671522602175,3.752742143017639,3.7923996225484196,3.8367000265199214,3.710049802441446,2.6194947236579686,2.4493647961664506,1.9172672004891855,1.0513873812338947,0.42554649227745883,0.0,0.4050778907706128,1.194395902291617,2.3715235907127195,2.6328013896178066,3.2461006422276903,3.386217648689639,3.6208851671490025,3.539867904905136,3.83591654368972,3.9646802015863107,4.057296774691265,4.080788669573884,3.792400346854988,4.02500612942215,4.005712167873842,4.078208631934835,4.190441806727925,4.29716680157726,4.63199392112832
24,3.995587602557847,4.0567293995124505,4.201811102417492,4.348810040442248,4.013399216084637,4.216849211683764,4.011434555703776,4.067444915469031,4.0990234002296715,4.313335194106885,4.14957130130686,3.949040145330857,3.792640677847999,3.8503932926873445,3.864684995833501,3.8001162358440794,4.047145419065397,3.4052178593868865,3.1754978081918988,2.626078964740519,2.0726423392421065,1.0997294688393664,0.4050778907706128,0.0,0.2783144769881969,1.08976447717908,2.4120407803782014,2.958014992061144,3.4120400220194185,3.5137284012354413,3.5516956397830373,3.628353399926366,3.8229499059516585,3.872771653856712,4.028810923397587,3.5994709237648563,4.079116833390051,4.177669911851561,4.317070907418225,4.229061566818053,4.392420862060096,4.622500743064135
25,4.174084055184475,4.3188205497151415,4.344163694491727,4.484644657418963,4.197363630780105,4.299775878419317,3.9669896422191884,4.162255022155999,3.8695762954966426,3.985435638754436,3.7229921109949995,3.6063250496826376,3.426192182851607,3.435917859778018,3.3781391513065446,3.358772982882348,3.7260438333053902,3.5962621475705117,3.2251390230247834,2.6348577123101453,2.4039680554592717,1.6382163625971788,1.194395902291617,0.2783144769881969,0.0,0.27661860755951106,0.9334844095657443,2.0652013570763543,2.111210685054292,2.836362711723074,3.153500167740739,3.3504238258179573,3.5433046048024837,3.684357106672709,3.7887603476565936,3.2680985723539897,3.5951233890732457,3.7389791156965324,4.133996639758783,4.1232801393805225,4.365437399475259,4.577788414364606
26,4.130451179747684,4.175993062109204,4.252575359385071,4.5892302710973665,4.141749013185911,4.25480845337785,3.916747670127012,3.8855847641003485,3.618407119106991,3.840495503784918,3.514758282792693,3.556840921050009,3.482504668286279,3.3734679609772793,3.5330834552329087,3.3102028530050256,3.531373435639356,3.5264848951612233,3.637519016802937,3.3942167584479757,3.1487782637254123,2.927440771462849,2.3715235907127195,1.08976447717908,0.27661860755951106,0.0,0.44459337336356586,1.389476742498178,1.9202794690663971,2.751489517146732,2.984570853837658,3.2401444862848896,3.7267811327575173,3.8801953095822084,3.7539281596797363,3.3373736635995708,3.6031494304557508,3.7314072905760116,3.9208734599224195,4.05257068481458,4.366333874509475,4.444696883443369
27,4.170714571027351,4.289863001559564,4.21717009484476,4.611882706361469,4.218856755564373,4.2894003750926295,3.8508659947871102,3.8725477432512894,3.609175594422766,3.890359668380964,3.3862066170159135,3.5069260119684533,3.503702006279893,3.1330733331471934,3.0432930241712,3.108352345773483,3.4453151561300186,3.3752822467119454,3.8348130996851926,3.671259459463041,3.6400482101014973,3.196968800709983,2.6328013896178066,2.4120407803782014,0.9334844095657443,0.44459337336356586,0.0,0.412706108262585,0.9465434419206753,2.5417024722366697,2.7955833722165044,3.075956150268581,3.2615965307112766,3.7100526462255825,3.565510086585182,3.1611019506640314,3.74497388309566,3.780050723323328,3.930183744742326,4.156014122354219,4.594644618744397,4.561689626958412
28,4.477484654205924,4.498932529677468,4.570894407359579,4.565928827266328,4.556425006752376,4.540353652343456,4.142481990952631,4.019139988042942,3.929379507811174,4.042105642839044,3.883664782413546,3.67945180859416,3.5371887498408854,3.3173256847358457,3.1964962221877604,3.2443678309386415,3.385202358724693,3.2639920403961558,3.9701649462436466,3.6409919085337115,3.813570131912935,3.538999982590417,3.2461006422276903,2.958014992061144,2.0652013570763543,1.389476742498178,0.412706108262585,0.0,0.2740485717612215,1.0613202927331904,2.010875535297164,2.5349774026673617,2.6506555885841494,3.3140298671071786,3.672998503329925,3.2156450091730564,3.677690750283017,3.6938290246817207,3.791136987340906,4.042940118754757,4.4412298578196125,4.542428097631274
29,4.58211706451476,4.5837825934689755,4.576450428378329,4.762417811397836,4.4996463527252075,4.569790398582171,4.40429483425834,4.226922942563189,4.17117743162849,4.341673087027774,4.182882650945393,3.9309838715686927,3.661915025320529,3.626962383834965,3.6791012596655226,3.633056017550868,3.901546612361441,3.718616329062587,4.081852444114043,3.7920216194156176,4.015795989210929,3.648455399048985,3.386217648689639,3.4120400220194185,2.111210685054292,1.9202794690663971,0.9465434419206753,0.2740485717612215,0.0,0.23172220043832278,0.7462142650349874,1.7076632112262327,2.105774229571176,2.754382332262951,3.4322117618602346,3.5425099213016598,3.9922795609561157,4.018217215981684,4.36748052074846,4.684067150216841,4.823979060198572,4.90636369642553
30,4.413424836001861,4.4621170045144884,4.358413907953654,4.619232358360491,4.420656363289151,4.329549292689873,4.33260898144483,4.210793002057965,4.310684201504573,4.414242693680555,4.1999439913849335,4.198909640870426,3.7671497641524443,3.614999085429401,3.773455787073314,3.7640859976691647,3.9441118869125913,3.774578413962698,3.9274715786288135,3.7320988198170424,3.9861200955537943,3.719015724836076,3.6208851671490025,3.5137284012354413,2.836362711723074,2.751489517146732,2.5417024722366697,1.0613202927331904,0.23172220043832278,0.0,0.3565636325834235,0.8809617185904348,1.636355326947782,2.9408544510386245,3.1711572987339913,3.830609871708075,4.205411339797558,4.1429055913726485,4.6781355464517045,4.974671608777869,4.748520533196711,4.904706476251909
31,4.328015314632611,4.608362879304377,4.313889374962418,4.800145874491554,4.449027210705236,4.449904524991569,4.29420321540708,4.532263392594613,4.414907277461024,4.850912940230831,4.304070871575677,4.499721804984923,4.046509556887649,3.832556678656668,4.0270019804031,3.931289167756718,4.223854290027907,3.928412434445318,4.225153040471364,3.8428325024905723,3.9992210672503026,3.7687186196894524,3.539867904905136,3.5516956397830373,3.153500167740739,2.984570853837658,2.7955833722165044,2.010875535297164,0.7462142650349874,0.3565636325834235,0.0,0.30670328621428083,0.6701611045238629,2.26935447731968,2.375974566603261,2.7795083910083664,3.796552652777951,4.140088446325064,4.635627941279323,4.95991177591695,4.636381866092207,4.840388539116176
32,4.357657294936226,4.501385885909709,4.220592969909114,4.588016615328539,4.2807736537164836,4.369046892736706,4.276510921069977,4.365693679290184,4.423591318235168,4.712108392524442,4.4287638667348865,4.505529429660573,4.043521773274824,3.9005533570201125,3.978432966336485,3.7922401519628415,4.002992739552703,4.1086272746867465,4.242782145507368,4.261710729286098,4.274275747198107,3.8641768915893078,3.83591654368972,3.628353399926366,3.3504238258179573,3.2401444862848896,3.075956150268581,2.5349774026673617,1.7076632112262327,0.8809617185904348,0.30670328621428083,0.0,0.2207996214016449,0.9525721056757958,1.6939360351829722,2.4287154723561115,3.070063049041445,3.756713415644124,4.30579113220607,4.535820246200582,4.007441713227625,4.547291450694233
33,4.291712252003251,4.492357628281564,4.348680950229541,4.620742137151017,4.183772255917858,4.335620320708984,4.1134895851272075,4.410296883868099,4.31522006591602,4.779404611087717,4.38647991218453,4.511945894978992,4.156124697477155,3.8377023318390258,4.207012102558057,4.060731692759123,4.499763219001199,4.6306540285029865,4.729052889701499,4.550413580430798,4.158432837481629,3.889251798278873,3.9646802015863107,3.8229499059516585,3.5433046048024837,3.7267811327575173,3.2615965307112766,2.6506555885841494,2.105774229571176,1.636355326947782,0.6701611045238629,0.2207996214016449,0.0,0.19476084016286388,0.6792188519388918,1.4585267176208319,2.4505153756966873,3.073923412580023,3.9239675136190466,4.470137195096243,4.263540690652485,4.507385280717218
34,3.906729288341167,4.309131169402858,4.055004291051926,4.433114479838451,3.8938881687323326,4.038913843966024,3.8978273606255005,4.233333336714174,4.16738284164953,4.465769291498073,4.1352823057113826,4.44264102789543,4.173072761301524,4.013196930989189,4.254575931958512,4.413303879442504,4.429027552148986,4.9347996699071235,4.500110125903561,4.499037576277937,4.011228335621432,3.917592850458664,4.057296774691265,3.872771653856712,3.684357106672709,3.8801953095822084,3.7100526462255825,3.3140298671071786,2.754382332262951,2.9408544510386245,2.26935447731968,0.9525721056757958,0.19476084016286388,0.0,0.3816570783070521,1.018382315607547,1.9336038047867632,2.9277102318487858,3.3140246487682656,3.526578775361198,4.060298967289297,4.012351801519887
35,4.108199300948895,4.526810313669046,4.287564189870923,4.608912598790913,4.252430397051818,4.41549599703601,4.080338265675556,4.366144677953079,4.3681162115255585,4.534961580256552,4.513934297825644,4.53530354513769,4.66127676395333,4.758406994611774,5.1514237325006045,4.918606332142016,4.775909047733483,5.030216645780463,4.303721423608734,4.4634151651367215,4.005994597974165,4.165500773079234,4.080788669573884,4.028810923397587,3.7887603476565936,3.7539281596797363,3.565510086585182,3.672998503329925,3.4322117618602346,3.1711572987339913,2.375974566603261,1.6939360351829722,0.6792188519388918,0.3816570783070521,0.0,0.3850409856125516,0.7105371985267994,1.7531641842462524,2.718383252055131,3.2968128729480255,3.6889092223225695,4.161336403646673
36,4.248746457517899,4.404821586173267,4.303385967472984,4.45895960051903,4.1910552021774965,4.280648706485991,4.063630611384266,4.33605748010221,4.325946442061852,4.6491020270082615,4.499656367950941,4.597733804936362,4.624708311298564,4.719775632537325,5.114282976959443,4.884622887984453,4.521708281873969,4.830924248541313,3.85517252763385,3.996597830930398,3.8711831455742933,3.925916558449268,3.792400346854988,3.5994709237648563,3.2680985723539897,3.3373736635995708,3.1611019506640314,3.2156450091730564,3.5425099213016598,3.830609871708075,2.7795083910083664,2.4287154723561115,1.4585267176208319,1.018382315607547,0.3850409856125516,0.0,0.2536416052246419,0.8832119382187388,2.1019427316499018,2.3903359751518205,3.0653348699138965,3.879196693646457
37,4.255047396610889,4.504549339570115,4.470164958309523,4.505860739916627,4.257875634702699,4.419299668717943,4.105745554628666,4.371095595199003,4.3629396425828615,4.716133850344805,4.5649197120928715,4.783518344267454,4.687597585349736,4.817974231818653,4.8530313616080845,4.620003272667438,4.387841452026612,4.220648124424812,4.031294416899915,4.213655226701834,3.9850657128918083,4.13090748151171,4.02500612942215,4.079116833390051,3.5951233890732457,3.6031494304557508,3.74497388309566,3.677690750283017,3.9922795609561157,4.205411339797558,3.796552652777951,3.070063049041445,2.4505153756966873,1.9336038047867632,0.7105371985267994,0.2536416052246419,0.0,0.09912311585880099,0.9966745657366717,1.545730196333037,2.0683350000072718,2.4537922365794174
38,4.200193087129663,4.46659736980308,4.463411152473892,4.573015654303715,4.26402446034241,4.3042981639566555,4.075450246460619,4.292787767410744,4.310429531815511,4.659141997481087,4.506110134812846,4.823974243540689,4.713644278729358,4.670556164653081,4.757550767278998,4.341005198016484,4.385306937811753,4.128662511155702,3.99443187931228,4.033870570557266,3.94528955584742,4.005553528147069,4.005712167873842,4.177669911851561,3.7389791156965324,3.7314072905760116,3.780050723323328,3.6938290246817207,4.018217215981684,4.1429055913726485,4.140088446325064,3.756713415644124,3.073923412580023,2.9277102318487858,1.7531641842462524,0.8832119382187388,0.09912311585880099,0.0,0.21208398654744356,0.6828999801548286,0.8812595139335767,1.9429380929471716
39,4.4521105480558045,4.65444869067702,4.448625025626908,4.635601975240641,4.488553471256271,4.503521813735005,4.204209892444767,4.388376069909228,4.442558501885381,4.7545756242616495,4.673428626421919,4.7598489959012875,4.753393113840327,4.6216862428536345,4.70549005234174,4.257060578047998,4.456156087304342,4.071143633364389,4.060381925319836,3.9697634534210082,4.092439122542605,4.175320777548269,4.078208631934835,4.317070907418225,4.133996639758783,3.9208734599224195,3.930183744742326,3.791136987340906,4.36748052074846,4.6781355464517045,4.635627941279323,4.30579113220607,3.9239675136190466,3.3140246487682656,2.718383252055131,2.1019427316499018,0.9966745657366717,0.21208398654744356,0.0,0.31861927402538126,0.7775827573432889,1.4401470041167983
40,4.30314250640637,4.627053240428409,4.4725044290976115,4.745523380144462,4.481370522063339,4.45920710835016,4.245347499168205,4.598913059503017,4.501296352845153,4.968363468826321,4.733782786818974,4.563234078244474,4.701471048699795,4.353941524598839,4.514723831822398,4.126129497982261,4.6098107430553,4.1676391851695955,4.399192141767102,4.165194615257234,4.060914346334999,3.990485581173428,4.190441806727925,4.229061566818053,4.1232801393805225,4.05257068481458,4.156014122354219,4.042940118754757,4.684067150216841,4.974671608777869,4.95991177591695,4.535820246200582,4.470137195096243,3.526578775361198,3.2968128729480255,2.3903359751518205,1.545730196333037,0.6828999801548286,0.31861927402538126,0.0,0.2819313357644857,0.8483004369431091
41,4.491179736642825,4.607509690844113,4.397360922653233,4.760053794502802,4.515464775475248,4.486043362203637,4.456009242116498,4.695179219634806,4.690545632260946,5.100154740161255,4.700916915250093,4.764288881643451,4.575585887470453,4.319214035843413,4.306520439117652,4.2588540675672695,4.433944916849754,4.179724093151747,4.149736309840236,3.9492606404568398,4.131023354389688,4.055156165989926,4.29716680157726,4.392420862060096,4.365437399475259,4.366333874509475,4.594644618744397,4.4412298578196125,4.823979060198572,4.748520533196711,4.636381866092207,4.007441713227625,4.263540690652485,4.060298967289297,3.6889092223225695,3.0653348699138965,2.0683350000072718,0.8812595139335767,0.7775827573432889,0.2819313357644857,0.0,0.39101486359210513
42,4.429036677716269,4.325333362492775,4.265060778431308,4.593017055834754,4.4795442733217845,4.509082736984977,4.450993890190367,4.409315588893129,4.786218426653187,4.9748524542383405,4.796518277817421,4.516922442357303,4.63022770596515,4.093498984453738,4.438136960503365,4.245825347994941,4.542188797840031,4.309468419783046,4.433251749322096,4.210744873976385,4.323973123965877,4.38225466009014,4.63199392112832,4.622500743064135,4.577788414364606,4.444696883443369,4.561689626958412,4.542428097631274,4.90636369642553,4.904706476251909,4.840388539116176,4.547291450694233,4.507385280717218,4.012351801519887,4.161336403646673,3.879196693646457,2.4537922365794174,1.9429380929471716,1.4401470041167983,0.8483004369431091,0.39101486359210513,0.0
